f <- 
c(-0.797113153860009, -0.800998909388213,
-0.805153759772562, -0.809590686339577,
-0.814280238884798, -0.819248423430675,
-0.824511685940635, -0.830024094088038,
-0.835831211015774, -0.841928415066841,
-0.848287160772462, -0.854912682925258,
-0.861857829142922, -0.869073900629199,
-0.876527710093079, -0.884281837831027,
-0.892319082579214, -0.900639707652721,
-0.909228750519092, -0.918108723421179,
-0.927256456279535, -0.936691982926045,
-0.946374108763221, -0.956347336720631,
-0.966608860016866, -0.977150451898614,
-0.98796522288484, -0.999063347827485,
-1.01042587214961, -1.02205488751814, -1.03395655280798,
-1.04614012725567, -1.05856171425026, -1.07126426666105,
-1.08422747809827, -1.09749208172054, -1.11096264843974,
-1.12472065293355, -1.13873926223655, -1.15300707735292,
-1.16753184109727, -1.18229438153594, -1.19734135625326,
-1.21260430720213, -1.22813438105236, -1.24386768139296,
-1.25987039009507, -1.27610796064313, -1.29254313370275,
-1.30923331681823, -1.326157649848, -1.3432900486361,
-1.36062184594719, -1.37818305129769, -1.3959698916258,
-1.4139460949821, -1.43213714763637, -1.45051693504857,
-1.46908196938602, -1.48785280585101, -1.50681982086634,
-1.52593712962898, -1.54522482786054, -1.56471538309963,
-1.58434158123135, -1.60413698334564, -1.62410581446426,
-1.64419299640761, -1.66443490280875, -1.68484383377269,
-1.70536682059024, -1.72600485870255, -1.74675161059211,
-1.76765458998708, -1.78862561134351, -1.8097207186051,
-1.83091575097715, -1.85218539653675, -1.87356339736496,
-1.89499369746503, -1.91650319358758, -1.93807443658423,
-1.95972179929386, -1.98137925165386, -2.00311747282792,
-2.02487205880978, -2.04666567822037, -2.06847777594902,
-2.09030229652418, -2.11213713176532, -2.13396652312355,
-2.15578767769892, -2.17762014871375, -2.19938431755285,
-2.22114612288407, -2.24286157506127, -2.26450127114605,
-2.28613242139919, -2.30767136431397, -2.32916818981009,
-2.35056887478911, -2.371874504814, -2.39311620951766,
-2.41423971942274, -2.43525419061231, -2.45614636455887,
-2.4769265942976, -2.49756422337998, -2.51805658410958,
-2.53840051619395, -2.55859033273189, -2.57863251995844,
-2.59845595564807, -2.61812965661132, -2.63759720619227,
-2.65687634776596, -2.67595420130301, -2.69480689211426,
-2.71342620052024, -2.73184042478433, -2.75000308497968,
-2.76792967087388, -2.78561992020178, -2.80303009110377,
-2.82017425863905, -2.83703544071545, -2.85358294290683,
-2.8698843757531, -2.88589540716268, -2.90156518860767,
-2.9169443084318, -2.93197672036924, -2.94670949775458,
-2.96107696671564, -2.97513180647124, -2.98882838953216,
-3.00217483371338, -3.01514796707529, -3.02776661296996,
-3.04002291641784, -3.05187937139947, -3.0633396311436,
-3.07440829191952, -3.08507629298107, -3.09536669608958,
-3.10521559308148, -3.11466472322126, -3.12367425640206,
-3.13225771598633, -3.14042387980702, -3.1481435676408,
-3.15543833193431, -3.16224741024611, -3.16864971049032,
-3.17458047556824, -3.18005781645714, -3.18501352757649,
-3.18959124883273, -3.19362387995175, -3.19720645124635,
-3.20032315248816, -3.20291579923416, -3.20505513021989,
-3.20670446672918, -3.20782184266653, -3.20850284622303,
-3.20867058822859, -3.20832570937695, -3.20747707492436,
-3.20612880385276, -3.20427045343584, -3.20190117572012,
-3.19904266333281, -3.19564307303436, -3.19175737155539,
-3.18736983780034, -3.1824549523763, -3.17701220911233,
-3.17109990405998, -3.16463324396141, -3.15768284540064,
-3.15020898464082, -3.14221151630196, -3.13370851055117,
-3.1247084075136, -3.1151759597583, -3.1051387069194,
-3.09461395461944, -3.08358597391534, -3.07205592087917,
-3.05999323527897, -3.04745716318267, -3.03443617744504,
-3.02088042818785, -3.0068675233234, -2.99232921436493,
-2.97734910755085, -2.96188670108507, -2.94595932682841,
-2.92950771358942, -2.91260735338437, -2.89524951082673,
-2.877441470433, -2.85915100052605, -2.84042130411022,
-2.82124366140795, -2.80162726681032, -2.78156171249108,
-2.76108787929972, -2.74015700311915, -2.71884838541659,
-2.69709727755213, -2.67494917855831, -2.65238871979982,
-2.62943636838412, -2.60609829996836, -2.58239634225305,
-2.5582829657074, -2.53383357039051, -2.50902632170727,
-2.48383436560567, -2.45831167632347, -2.43245610694437,
-2.40626797399765, -2.37974199193073, -2.35294840618841,
-2.32580534756241, -2.29839881348957, -2.27066486820747,
-2.24268002958217, -2.21441019485585, -2.18586192590925,
-2.157100012326, -2.12806611363035, -2.09880296881432,
-2.0693445820633, -2.03962647314581, -2.00973133207075,
-1.9796240756196, -1.94933303321605, -1.9188605571802,
-1.88822662396542, -1.85742905703037, -1.82648674020188,
-1.79541592228888, -1.7642166928998, -1.73288735001682,
-1.70145668567327, -1.66992526935609, -1.63833297715327,
-1.60666199527421, -1.57489831312721, -1.54311739959259,
-1.51127198994257, -1.47940160489061, -1.44750377491669,
-1.41561166701365, -1.38371472184708, -1.35180412002387,
-1.31995238558976, -1.28813295012006, -1.25634081200622,
-1.22461221019198, -1.19295278961314, -1.16134278110676,
-1.12986499526545, -1.09844250073055, -1.06719632206426,
-1.03599927919998, -1.00499757829171, -0.97409723569114,
-0.943365823198321, -0.912789087325535,
-0.88242860435066, -0.852206148451545,
-0.822209334073608, -0.792423584868398,
-0.762844598173592, -0.7335022619843,
-0.704398651310973, -0.675564297722268,
-0.64696383156372, -0.618633154071749,
-0.590609258363272, -0.562880016833699,
-0.53545765354201, -0.508338570008075,
-0.481551562756297, -0.455097554335927,
-0.428973583631704, -0.403215379321882,
-0.377829018379925, -0.352808533661804,
-0.32815239707182, -0.303902993946759,
-0.280048979640421, -0.256641385104328,
-0.233608420946687, -0.211046901304533,
-0.188888327154293, -0.167199164346882,
-0.14595908004483, -0.125182224095631,
-0.104885449403018, -0.0850299404052502,
-0.0657160999220923, -0.0468840607460508,
-0.0285596877419676, -0.0107285279790243,
0.00656547485110232, 0.0233697903200551,
0.0395895630110609, 0.0552921766590264,
0.0704510306665128, 0.0850579528783225,
0.0990684672964566, 0.11255261815211, 0.125445149158286,
0.137759776678088, 0.149485373985103, 0.160620564191537,
0.17117982550804, 0.181100627436558, 0.190433546826653,
0.199163611654106, 0.207263964322902, 0.214740732476935,
0.221593881484535, 0.227793517334245, 0.23337997124022,
0.238339410092942, 0.242646975166275, 0.246305267152255,
0.249319193117533, 0.251704472312363, 0.253421383531977,
0.254463343208208, 0.254842094868762, 0.254582336954595,
0.253674570733878, 0.252076574452509, 0.249821391241477,
0.246886466857094, 0.243307821732082, 0.239025087732788,
0.234083398870364, 0.228493691271245, 0.222233664879984,
0.215266881697087, 0.207654230263823, 0.199376570905958,
0.190411749038191, 0.180782837642699, 0.170480705917075,
0.159538292500443, 0.147902880220448, 0.135622567481822,
0.122667532095315, 0.109055673631115,
0.0948175872277885, 0.0798784216799848,
0.064286122688102, 0.0480821626027682,
0.0311944315479723, 0.0136994256360161,
-0.00444303032001358, -0.0232403409399482,
-0.0426481226441069, -0.0627115946376536,
-0.0833972081646874, -0.104660480659437,
-0.126556951037714, -0.149074684479904,
-0.172195952359983, -0.195904094275465,
-0.220209652706226, -0.245100938458259,
-0.270579168819307, -0.296600941423877,
-0.323234110012223, -0.350392626765309,
-0.37813584062707, -0.406419836319466,
-0.435253690005334, -0.46461439694513,
-0.494495614235175, -0.524920736314765,
-0.555834210651665, -0.587257740383586,
-0.619194697267922, -0.651595805309144,
-0.684502502535846, -0.71787539986051,
-0.751692879802389, -0.785974692671883,
-0.820720281408374, -0.855865044811546,
-0.891478984071429, -0.927497370886019,
-0.963908118093246, -1.00073842261639,
-1.03796137191441, -1.0755586218944, -1.11352867523423,
-1.15185963120875, -1.19053114826583, -1.22955312618154,
